CGR combined asset classes updated till 2018


TABLE 3


Full


                         Estimate     Std error   T stats     p value
Argentina               -0.6894411337 0.58038267 -1.187907863 2.452148e-01
Australia               -1.0569377969 0.23589296 -4.480582199 9.459365e-05
Austria                 -1.0558946628 0.20043338 -5.268058019 9.957280e-06
Bahrain                 -0.1393564418 0.18367667 -0.758705193 4.606122e-01
Belgium                 -0.8122517863 0.26144914 -3.106729645 4.027558e-03
Bosnia and Herzegovina   2.1593963286 0.70314052  3.071073655 2.191191e-02
Botswana                -2.1758726999 0.38297889 -5.681442862 1.222880e-05
Brazil                  -1.7083166961 0.44097352 -3.873966605 5.178963e-04
Bulgaria                -0.3453681813 0.47445924 -0.727919606 4.771812e-01
Cambodia                -0.2298292209 0.67033928 -0.342855069 7.643900e-01
Canada                  -0.9208707909 0.20622374 -4.465396665 9.875779e-05
Chad                     0.0111951014 0.75014471  0.014923922 9.883864e-01
Chile                   -1.6490986366 0.26602517 -6.199032384 8.004141e-07
China                   -0.5374865127 0.24687972 -2.177118965 3.873848e-02
Côte d'Ivoire           -0.2860067413 0.34433776 -0.830599404 4.155438e-01
Croatia                 -1.1521479107 0.53631454 -2.148269027 4.412344e-02
Cyprus                   1.2533640779 1.19846463  1.045808148 3.147063e-01
Czech Rep.              -0.1084050728 0.68614027 -0.157992583 8.770901e-01
Denmark                 -0.8437631889 0.24383517 -3.460383392 1.593277e-03
Ecuador                  0.1496734788 0.15303469  0.978036285 3.417703e-01
Egypt                   -0.3545902786 0.22651476 -1.565417986 1.317567e-01
Estonia                 -1.0528658102 0.51270964 -2.053532306 5.268383e-02
Finland                 -2.1870012385 0.31704081 -6.898169369 1.169216e-07
France                  -1.6121873310 0.22667299 -7.112392722 5.430770e-08
Georgia                 -2.2835043014 0.77144176 -2.960047570 2.110363e-02
Germany                 -0.6642396107 0.10662197 -6.229857040 6.390616e-07
Ghana                    0.0471504708 0.04165068  1.132045762 2.703766e-01
Greece                  -0.3287446373 0.46496242 -0.707034853 4.851879e-01
Hong Kong                0.1603263716 0.25402544  0.631142979 5.325734e-01
Hungary                 -1.4036745153 0.34194734 -4.104943572 3.554055e-04
Iceland                 -0.3698746533 0.30071547 -1.229982136 2.306248e-01
India                   -0.8510263661 0.17748841 -4.794827915 4.156028e-05
Indonesia               -1.2249005806 0.40814137 -3.001167446 5.729291e-03
Iraq                    -2.7769810264 0.75234553 -3.691097907 6.619409e-02
Ireland                 -0.2610742078 0.29298191 -0.891093263 3.797434e-01
Israel                  -1.3115862773 0.20738566 -6.324382555 5.651480e-07
Italy                   -1.1318177375 0.37818597 -2.992754401 5.386723e-03
Jamaica                  0.0185834509 0.05920140  0.313902236 7.566922e-01
Japan                   -0.1943692212 0.25005722 -0.777298990 4.428740e-01
Jordan                   0.3523684574 0.15264246  2.308456420 2.857274e-02
Kenya                   -0.0255058635 0.05356119 -0.476200472 6.377625e-01
Kuwait                  -0.0041428074 0.14011278 -0.029567663 9.767775e-01
Lebanon                  1.3253530256 1.04863246  1.263887090 2.380234e-01
Luxembourg              -0.8867021735 0.36824750 -2.407897340 2.374846e-02
Macedonia               -0.1260829431 0.65323021 -0.193014562 8.501758e-01
Malaysia                 0.6533800677 0.34979690  1.867884075 7.125695e-02
Malta                   -0.2516359919 0.37151513 -0.677323677 5.055946e-01
Mauritius               -0.3674161840 0.10843094 -3.388481130 2.771988e-03
Mexico                  -0.9241662156 0.47964819 -1.926758468 6.385973e-02
Montenegro              -0.8225986311 0.55637182 -1.478505201 1.673275e-01
Morocco                 -0.1221274965 0.22401490 -0.545175768 5.898014e-01
Namibia                 -2.2277740654 0.53004445 -4.202994760 5.977476e-04
Netherlands             -1.2257443129 0.22904854 -5.351460940 7.838673e-06
New Zealand             -0.6568845904 0.23292702 -2.820130486 8.568555e-03
Nigeria                 -0.1561988562 0.08275785 -1.887420334 7.236727e-02
Norway                  -0.8959468540 0.24608080 -3.640864488 9.801099e-04
Oman                    -0.5703687170 0.26176260 -2.178954179 4.146604e-02
Pakistan                 0.0052783124 0.09053013  0.058304484 9.539202e-01
Palestinian Territories  1.5058608150 0.97882477  1.538437590 1.987686e-01
Panama                   0.5623378136 0.37212642  1.511147234 1.438069e-01
Peru                    -1.1422898861 0.27269493 -4.188893027 2.852358e-04
Philippines             -0.9722021452 0.25224840 -3.854145972 5.469840e-04
Poland                  -3.0294173093 0.67315653 -4.500316294 3.633026e-04
Portugal                 1.0221890690 0.61303056  1.667435750 1.084257e-01
Qatar                   -0.8316477281 0.25382388 -3.276475456 3.970159e-03
Romania                 -1.8879718827 0.69375877 -2.721366526 1.314789e-02
Russia                  -1.9152270309 0.61226367 -3.128108250 4.892450e-03
Saudi Arabia            -0.7637393772 0.28500403 -2.679749390 1.482220e-02
Serbia                   0.9337689392 1.18427547  0.788472754 4.487082e-01
Singapore                0.5854091905 0.23941571  2.445157823 2.035814e-02
Slovakia                -0.3402909054 0.16702728 -2.037337338 5.278777e-02
Slovenia                -2.8506631842 0.54276733 -5.252090634 9.755073e-05
South Africa            -0.9696178114 0.22626084 -4.285398258 1.642890e-04
South Korea             -1.4759943446 0.37737323 -3.911232293 4.672423e-04
Spain                   -1.0649728282 0.45877932 -2.321318279 2.701517e-02
Sri Lanka                0.1408774533 0.06069444  2.321093292 2.702888e-02
Sweden                  -1.2905746674 0.29194766 -4.420568675 1.121371e-04
Switzerland             -0.0786911421 0.16357804 -0.481061782 6.338507e-01
Taiwan                  -1.9825185496 0.25492132 -7.776981993 8.944180e-09
Thailand                -0.4870054339 0.21702117 -2.244045750 3.236206e-02
Trinidad and Tobago      0.0301313820 0.03069725  0.981566027 3.374877e-01
Tunisia                  0.1787733870 0.32604853  0.548302996 5.898689e-01
Turkey                  -1.1566723812 0.40962506 -2.823734454 8.493671e-03
UAE                     -0.6845229466 0.87243453 -0.784612400 4.478936e-01
Uganda                   0.0002392473 0.14696132  0.001627961 9.987258e-01
UK                      -0.8621015221 0.20801011 -4.144517455 2.440703e-04
Ukraine                 -2.0968399246 0.49359901 -4.248063438 4.349300e-04
US                      -0.7139488389 0.14468161 -4.934620372 2.590202e-05
Venezuela                0.3204822381 0.19285085  1.661813947 1.101213e-01
Vietnam                  0.2326078789 0.51504282  0.451628234 6.611737e-01
Zambia                  -0.0161327607 0.06909003 -0.233503448 8.177439e-01


Pre 2000


                             [,1]         [,2]        [,3]         [,4]
Argentina           -6.046550e+00 1.411234e+00 -4.28458187 0.0020362057
Australia           -5.851535e-01 4.100771e-01 -1.42693545 0.1771736102
Austria             -1.375422e+00 5.489073e-01 -2.50574573 0.0263021915
Belgium              2.171434e-02 9.916970e-01  0.02189614 0.9828633205
Botswana             5.884686e-01 9.952639e-01  0.59126888 0.5959337582
Brazil              -2.489300e+00 4.879269e-01 -5.10178896 0.0002031049
Canada              -1.725194e-01 6.312221e-01 -0.27331014 0.7889086609
Chile               -1.953375e+00 7.972822e-01 -2.45004216 0.0305908412
China                9.199804e-01 3.389601e-01  2.71412571 0.0264884116
Côte d'Ivoire       -6.241041e+00 2.352371e+00 -2.65308518 0.0767909625
Croatia             -1.010776e+00 2.731823e+00 -0.37000038 0.7468895676
Denmark             -1.921301e+00 5.609822e-01 -3.42488821 0.0045209307
Ecuador             -2.467739e+00 1.277159e+00 -1.93221009 0.1015326049
Egypt               -7.128774e-03 1.436670e-01 -0.04962014 0.9628039727
Estonia             -2.557967e+00 9.810191e-01 -2.60745853 0.0798598565
Finland             -3.556492e+00 1.048929e+00 -3.39059293 0.0053621244
France              -2.097901e-01 4.253750e-01 -0.49318855 0.6301055332
Germany             -7.118046e-02 2.767495e-01 -0.25720179 0.8010490762
Ghana                2.588053e-01 1.153358e-01  2.24392844 0.1105581455
Greece              -1.778740e+00 1.221188e+00 -1.45656449 0.1731810514
Hong Kong           -1.533403e+00 6.508255e-01 -2.35608932 0.0348284082
Hungary             -3.002715e+00 7.775947e-01 -3.86154215 0.0047984336
Iceland              3.956659e-01 9.064243e-01  0.43651286 0.6777346806
India               -8.034501e-02 2.557772e-01 -0.31412115 0.7588228783
Indonesia           -8.242990e-01 1.331357e+00 -0.61914186 0.5511713344
Ireland             -3.883064e-01 6.253506e-01 -0.62094186 0.5453715851
Israel              -1.200688e+00 3.887446e-01 -3.08862886 0.0093862154
Italy               -1.872915e+00 1.261685e+00 -1.48445528 0.1615271882
Jamaica             -2.505257e-01 4.824539e-01 -0.51927385 0.6394476425
Japan                1.566073e+00 4.356882e-01  3.59448089 0.0032661569
Jordan               1.733961e+00 4.807275e-01  3.60695146 0.0047922877
Kenya               -4.478303e-02 1.725233e-01 -0.25957678 0.8010304866
Kuwait               6.955391e-02 8.369704e-01  0.08310199 0.9377630146
Luxembourg           1.576056e+00 8.478796e-01  1.85882057 0.1053937998
Malaysia             3.814893e+00 8.522484e-01  4.47626908 0.0006238229
Malta                3.532310e+00 3.275583e+00  1.07837587 0.3598465628
Mauritius           -1.915760e-01 9.892940e-02 -1.93649167 0.1482201464
Mexico              -3.926780e+00 9.072465e-01 -4.32823928 0.0011980761
Morocco              3.089400e-01 5.258583e-01  0.58749657 0.5687337344
Netherlands         -8.428568e-01 7.192786e-01 -1.17180857 0.2623026595
New Zealand          3.972763e-01 5.063789e-01  0.78454353 0.4492871414
Nigeria              1.173228e-01 1.229784e-01  0.95401108 0.3941018125
Norway              -2.065855e+00 6.322424e-01 -3.26750509 0.0061185838
Oman                -3.208788e-01 5.407545e-01 -0.59339083 0.6130883835
Pakistan             4.937463e-02 3.766076e-01  0.13110364 0.8982933819
Panama               4.021214e+00 2.325153e+00  1.72944057 0.1273538030
Peru                -2.921326e+00 8.226068e-01 -3.55130310 0.0074951769
Philippines         -1.280122e+00 6.506677e-01 -1.96739719 0.0708489407
Portugal            -3.698321e+00 1.310473e+00 -2.82212775 0.0302693428
Qatar               -2.461392e-14 1.004859e-14 -2.44948974 0.2467517145
Romania              4.217872e+00 2.994713e+00  1.40843938 0.2943411949
Russia              -4.647094e+00 2.769434e+00 -1.67799400 0.1686513792
Saudi Arabia         2.976631e-01 6.689172e-01  0.44499249 0.7334588345
Singapore            2.024444e+00 7.149021e-01  2.83177773 0.0141423377
Slovakia            -1.834759e-01 3.951338e-01 -0.46433861 0.6587757809
Slovenia            -3.717988e+00 1.593448e+00 -2.33329699 0.0669360291
South Africa        -3.793621e-01 7.528779e-01 -0.50388267 0.6227744538
South Korea         -5.850554e-01 7.084680e-01 -0.82580354 0.4238120204
Spain               -2.728249e+00 9.357205e-01 -2.91566698 0.0120402705
Sri Lanka            4.996187e-01 1.085997e-01  4.60055418 0.0004971963
Sweden              -7.066101e-01 8.841959e-01 -0.79915565 0.4385581274
Switzerland          2.802458e-01 3.354320e-01  0.83547702 0.4185401308
Taiwan               8.489479e-02 3.967885e-01  0.21395476 0.8339015778
Thailand            -7.329867e-01 6.324908e-01 -1.15888914 0.2690436377
Trinidad and Tobago  1.235131e-01 2.324807e-01  0.53128315 0.6320440558
Tunisia              3.658046e+00 4.789287e-01  7.63797636 0.0828778733
Turkey              -2.765837e-01 4.464027e-01 -0.61958340 0.5481507538
UK                   5.039608e-02 4.423957e-01  0.11391631 0.9110446627
Ukraine              2.394255e+00 5.194322e-01  4.60936956 0.1360066143
US                  -8.845465e-01 3.255491e-01 -2.71709087 0.0176104004
Venezuela           -2.470841e+00 7.930848e-01 -3.11548175 0.0263866616
Zambia               9.971584e-03 3.745555e-01  0.02662245 0.9811784219



Post 2000


> print_trend_div_all_post
                           [,1]       [,2]        [,3]         [,4]
Argentina           -0.51073548 1.08987384 -0.46861890 6.456631e-01
Australia            0.01951786 0.58574483  0.03332144 9.738304e-01
Austria             -0.65249711 0.50673450 -1.28765084 2.161815e-01
Belgium             -0.41169959 0.38337549 -1.07388082 2.988054e-01
Botswana            -2.66290076 0.54200913 -4.91301827 1.560295e-04
Brazil              -0.24349835 1.16976593 -0.20815989 8.377308e-01
Canada              -0.67275879 0.34834018 -1.93132697 7.135469e-02
Chile               -0.96132049 0.55460079 -1.73335580 1.022571e-01
China               -1.18391977 0.40944088 -2.89155241 1.062563e-02
Côte d'Ivoire       -0.12959373 0.39486213 -0.32819995 7.470164e-01
Croatia             -0.83648594 0.78790743 -1.06165510 3.041552e-01
Denmark              0.05087754 0.25694205  0.19801175 8.455298e-01
Ecuador              0.01095627 0.07321106  0.14965320 8.843382e-01
Egypt               -0.01286716 0.38188612 -0.03369370 9.735382e-01
Estonia              0.01320556 0.56260903  0.02347201 9.815640e-01
Finland             -0.53080671 0.31951352 -1.66129654 1.161193e-01
France              -1.01367557 0.46407575 -2.18428902 4.417038e-02
Germany             -0.47257296 0.20159406 -2.34418094 3.230538e-02
Ghana                0.13021126 0.10170010  1.28034544 2.186748e-01
Greece               3.72862339 0.49610688  7.51576641 1.234624e-06
Hong Kong            1.41014764 0.27251324  5.17460224 9.218483e-05
Hungary             -0.91320012 0.56287845 -1.62237533 1.242592e-01
Iceland              0.05952703 0.53126537  0.11204763 9.121793e-01
India               -0.12415596 0.46296117 -0.26817791 7.919891e-01
Indonesia           -0.91795297 1.17875931 -0.77874505 4.474949e-01
Ireland              1.65790762 0.48513124  3.41744148 3.527895e-03
Israel              -1.48283459 0.52507303 -2.82405397 1.221926e-02
Italy                0.53837184 0.46686585  1.15316177 2.657809e-01
Jamaica              0.10125556 0.09139329  1.10791028 2.842782e-01
Japan                0.40470529 0.57769919  0.70054676 4.936482e-01
Jordan               0.19654335 0.12524106  1.56932041 1.361362e-01
Kenya                0.17179060 0.13535689  1.26916770 2.225334e-01
Kuwait              -0.32134877 0.08358041 -3.84478590 3.239673e-03
Luxembourg          -0.90223738 0.65798902 -1.37120430 1.892381e-01
Malaysia            -0.51113501 0.52617115 -0.97142348 3.457950e-01
Malta                0.13116933 0.39101936  0.33545481 7.416402e-01
Mauritius           -0.37506891 0.16963817 -2.21099363 4.194190e-02
Mexico               1.17345273 0.72792591  1.61204967 1.264989e-01
Morocco              0.52469003 0.47008725  1.11615457 2.808387e-01
Netherlands         -0.50171612 0.40457042 -1.24012060 2.328104e-01
New Zealand         -0.20902374 0.43806501 -0.47715233 6.397059e-01
Nigeria             -0.21476795 0.13346025 -1.60922785 1.271169e-01
Norway              -0.20277661 0.39439930 -0.51414039 6.141817e-01
Oman                -0.62426159 0.37874955 -1.64821738 1.188020e-01
Pakistan            -0.06789452 0.16611777 -0.40871316 6.881684e-01
Panama               0.63646273 0.51987630  1.22425803 2.397360e-01
Peru                -1.24154774 0.49952947 -2.48543443 2.437770e-02
Philippines         -1.03980043 0.86302107 -1.20483783 2.457852e-01
Portugal             3.47361335 0.55071156  6.30750033 1.042514e-05
Qatar               -0.80726938 0.34883615 -2.31417927 3.427568e-02
Romania             -1.71424764 1.05484802 -1.62511338 1.236710e-01
Russia              -1.66774321 1.01970278 -1.63551894 1.214574e-01
Saudi Arabia        -0.60414223 0.40216249 -1.50223415 1.525150e-01
Singapore            0.12638815 0.38411344  0.32903862 7.463942e-01
Slovakia             0.31803194 0.25233053  1.26037835 2.256049e-01
Slovenia            -3.35809328 1.24595879 -2.69518807 2.727655e-02
South Africa        -1.22004929 0.67111032 -1.81795638 8.784286e-02
South Korea          1.17274914 0.59891519  1.95812221 6.788751e-02
Spain                2.12230293 0.42389674  5.00665077 1.291243e-04
Sri Lanka           -0.01491618 0.10911016 -0.13670756 8.929674e-01
Sweden               0.31682203 0.45905171  0.69016632 4.999791e-01
Switzerland          0.92703461 0.28175129  3.29025856 4.612994e-03
Taiwan              -1.29134520 0.56747336 -2.27560499 3.697426e-02
Thailand            -0.57769564 0.42730409 -1.35195440 1.951931e-01
Trinidad and Tobago  0.07255005 0.05140926  1.41122518 1.773275e-01
Tunisia              0.65784678 0.38518250  1.70788333 1.069836e-01
Turkey               0.26923628 1.11985992  0.24041961 8.130583e-01
UK                   0.22954732 0.46506034  0.49358610 6.283051e-01
Ukraine             -2.41105296 0.58517861 -4.12020009 8.018662e-04
US                  -0.13486158 0.27182820 -0.49612800 6.265503e-01
Venezuela            0.04908403 0.06844362  0.71714549 4.836231e-01
Zambia               0.07553932 0.08982845  0.84092870 4.127795e-01

#############################################################################
