                         TED         VIX        SENT    FEDFUNDS    INTERNET Agg_econ_risk Agg_fin_risk Agg_pol_risk Agg_liq_risk
TED               1.00000000  0.48034857 -0.01346256  0.47887299 -0.30665165    0.03052110  -0.03632135   0.05289823  -0.06744859
VIX               0.48034857  1.00000000 -0.31578707 -0.01349373 -0.22611513    0.06338775  -0.05453529   0.04894382  -0.01858570
SENT             -0.01346256 -0.31578707  1.00000000  0.58717032 -0.41150595   -0.02520753  -0.02781518   0.07953954  -0.01318725
FEDFUNDS          0.47887299 -0.01349373  0.58717032  1.00000000 -0.79273611   -0.13543707  -0.08775846   0.13907407  -0.05156556
INTERNET         -0.30665165 -0.22611513 -0.41150595 -0.79273611  1.00000000    0.22788024   0.09518437  -0.18308892   0.04410208
Agg_econ_risk     0.03052110  0.06338775 -0.02520753 -0.13543707  0.22788024    1.00000000   0.53718267   0.46548118  -0.16920237
Agg_fin_risk     -0.03632135 -0.05453529 -0.02781518 -0.08775846  0.09518437    0.53718267   1.00000000   0.18935833  -0.06795568
Agg_pol_risk      0.05289823  0.04894382  0.07953954  0.13907407 -0.18308892    0.46548118   0.18935833   1.00000000  -0.21327697
Agg_liq_risk     -0.06744859 -0.01858570 -0.01318725 -0.05156556  0.04410208   -0.16920237  -0.06795568  -0.21327697   1.00000000
Country_internet -0.20424423 -0.09969340 -0.30715925 -0.57845104  0.69225647    0.49211356   0.08610633   0.33864536  -0.12791155
PC1              -0.19834885 -0.04736052 -0.36102785 -0.67108548  0.75981716    0.24111499   0.15154688  -0.14100227   0.02543703

                 Country_internet         PC1
TED                   -0.20424423 -0.19834885
VIX                   -0.09969340 -0.04736052
SENT                  -0.30715925 -0.36102785
FEDFUNDS              -0.57845104 -0.67108548
INTERNET               0.69225647  0.75981716
Agg_econ_risk          0.49211356  0.24111499
Agg_fin_risk           0.08610633  0.15154688
Agg_pol_risk           0.33864536 -0.14100227
Agg_liq_risk          -0.12791155  0.02543703
Country_internet       1.00000000  0.51949538
PC1                    0.51949538  1.00000000
